53248
61441
49154
49155
57348
53253
53254
49159
57352
45065
57354
45067
61452
45069
53262
61455
53264
61457
61458
45075
49172
49173
53270
53271
45080
53273
57370
49179
61468
57373
53278
53279
57376
49185
61474
45091
53284
45093
45094
45095
45096
61481
61482
45099
53292
45101
49198
53295
45104
45105
49202
61491
45108
53301
49206
49207
49208
61497
53306
57403
61500
45117
53310
49215
53312
53313
61506
49219
45124
45125
45126
45127
45128
57417
53322
45131
61516
53325
57422
49231
61520
57425
61522
61523
45140
57429
49238
49239
53336
53337
49242
57435
49244
45149
45150
57439
49248
61537
49250
57443
53348
49253
45158
49255
49256
49152
61441
53250
61443
45060
57349
53254
61447
53256
53257
61450
53259
61452
61453
53262
45071
45072
45073
45074
49171
45056
61441
53250
57347
57348
53248
45057
45058
45059
